for mauna loa:

[[1.40535571 1.16496803 1.1717156  1.27211149]
 [0.9747855  0.83768158 0.88112724 1.02663422]
 [0.28973532 0.29361455 0.38477332 0.56333081]
 [0.14977339 0.23528283 0.31307251 0.43273555]
 [0.21778837 0.19330638 0.20887178 0.35521836]]
 
for rosenbrock:

[[0.50913851 0.49691711 0.50630513 0.56914968]
[0.43178979 0.40395829 0.41212422 0.47119304]
[0.33138264 0.28413771 0.29730489 0.34787555]
[0.29850975 0.25498978 0.26144169 0.3051023 ]
[0.25188099 0.21465222 0.2232291  0.26883735]]
 
for classificaiton
[[100.0 100.0 100.0 100.0]
 [100.0 100.0 100.0 100.0]
 [100.0 100.0 100.0 100.0]
 [100.0 100.0 100.0 100.0]]